1 0.4440104166666667 0.6995370370370371 0.17864583333333334 0.19722222222222224
0 0.3575520833333333 0.6625 0.2046875 0.17314814814814816
1 0.5348958333333333 0.7398148148148148 0.18645833333333334 0.2
1 0.6341145833333334 0.7763888888888889 0.1484375 0.23611111111111113
0 0.7705729166666666 0.8106481481481482 0.16510416666666666 0.24351851851851852
0 0.9096354166666667 0.8203703703703704 0.1703125 0.24814814814814815
0 0.10572916666666667 0.5888888888888889 0.17916666666666667 0.0962962962962963
0 0.1625 0.6162037037037037 0.18333333333333332 0.10648148148148148
0 0.19895833333333332 0.6361111111111112 0.15 0.12222222222222223
0 0.2755208333333333 0.6615740740740741 0.16041666666666665 0.11944444444444445
